cam_pos      = [10, 402, 78]';
cam_dir      = [0.755718, 5.16006e-20, -0.654898]';
cam_up       = [2.56757e-20, 1, 1.0842e-19]';
cam_lookat   = [0, 0, 1]';
cam_sky      = [0, 1, 0]';
cam_right    = [-0.871014, 1.31338e-19, -1.0051]';
cam_fpoint   = [0, 0, 10]';
cam_angle    = 90;
